
== garage-day   (baseline: ctl1)
metric                          ctl1        ctl2    ctlquiet          a1          a2          b2          b1      attrib      d ctl2  d ctlquiet        d a1        d a2        d b2        d b1    d attrib
work_ms                       36.512      36.377      30.071      39.107      41.103      44.064      42.973      41.766      -0.135      -6.441      +2.595      +4.591      +7.552      +6.461      +5.254
total_ms                      43.457      43.124      39.957      45.041      45.874      57.957      56.375      49.205      -0.333      -3.500      +1.584      +2.417     +14.500     +12.918      +5.747
update_ms                      7.594       7.421       2.804       8.329       7.609       7.553       7.487      11.997      -0.173      -4.791      +0.734      +0.014      -0.042      -0.107      +4.403
submit_ms                     27.893      27.930      26.234      29.748      32.469      35.498      34.474      28.740      +0.037      -1.659      +1.855      +4.575      +7.605      +6.581      +0.847
finish_ms                      1.024       1.026       1.033       1.030       1.026       1.012       1.012       1.029      +0.001      +0.009      +0.005      +0.001      -0.012      -0.013      +0.005
present_ms                     6.945       6.747       9.886       5.934       4.772      13.894      13.403       7.438      -0.198      +2.941      -1.011      -2.174      +6.949      +6.458      +0.493
bounds_included_ms             2.461       2.457       2.352       2.471       2.495       2.503       2.456       2.921      -0.004      -0.109      +0.010      +0.034      +0.041      -0.005      +0.460
prepare_included_ms            2.839       2.859       2.924       2.842       2.788       3.457       3.393       3.020      +0.020      +0.085      +0.003      -0.051      +0.618      +0.554      +0.181
dispatch_included_ms          16.586      16.599      15.041      18.410      21.087      23.416      22.475      16.723      +0.012      -1.545      +1.824      +4.500      +6.829      +5.888      +0.137
packet_included_ms             1.861       1.863       1.931       2.104       2.940       2.546       2.568       1.884      +0.002      +0.070      +0.243      +1.079      +0.684      +0.707      +0.023
dma_included_ms                2.235       2.233       2.137       2.286       2.702       2.102       1.260       2.107      -0.002      -0.098      +0.051      +0.467      -0.133      -0.975      -0.128
vif_wait_included_ms           5.476       5.474       5.557       6.568       5.759       5.128       5.147       5.394      -0.001      +0.081      +1.092      +0.283      -0.348      -0.329      -0.082
flushes                      120.000     120.000     120.000     125.000     146.000     120.000     120.000     120.000      +0.000      +0.000      +5.000     +26.000      +0.000      +0.000      +0.000
triangles                  40412.000   40412.000   40412.000   48799.500   45290.000   40412.000   40412.000   40412.000      +0.000      +0.000   +8387.500   +4878.000      +0.000      +0.000      +0.000
reuploads                      0.000       0.000       0.000       0.000       0.000       0.000       0.000       0.000      +0.000      +0.000      +0.000      +0.000      +0.000      +0.000      +0.000

== garage-night   (baseline: ctl1)
metric                          ctl1        ctl2    ctlquiet          a1          a2          b2          b1      attrib      d ctl2  d ctlquiet        d a1        d a2        d b2        d b1    d attrib
work_ms                       44.179      44.151      37.242      45.954      48.818      52.599      51.112      48.740      -0.028      -6.938      +1.775      +4.639      +8.420      +6.933      +4.560
total_ms                      58.625      58.541      40.375      58.542      63.041      63.458      63.041      61.538      -0.084     -18.250      -0.083      +4.416      +4.834      +4.416      +2.914
update_ms                      8.006       7.932       2.879       7.770       8.004       8.120       7.814      11.564      -0.074      -5.127      -0.236      -0.002      +0.114      -0.192      +3.558
submit_ms                     34.658      34.702      32.829      36.631      39.268      42.907      41.727      35.610      +0.044      -1.829      +1.973      +4.609      +8.249      +7.069      +0.952
finish_ms                      1.515       1.517       1.534       1.553       1.546       1.572       1.571       1.566      +0.002      +0.018      +0.038      +0.031      +0.057      +0.056      +0.051
present_ms                    14.445      14.390       3.133      12.587      14.223      10.859      11.929      12.799      -0.056     -11.312      -1.858      -0.222      -3.586      -2.517      -1.647
bounds_included_ms             3.344       3.366       3.217       3.383       3.377       3.375       3.361       3.900      +0.022      -0.126      +0.039      +0.033      +0.031      +0.017      +0.556
prepare_included_ms            4.692       4.706       4.763       4.761       4.814       5.392       5.348       4.899      +0.014      +0.071      +0.069      +0.122      +0.700      +0.656      +0.207
dispatch_included_ms          18.570      18.556      16.785      20.314      23.014      25.945      24.896      18.647      -0.014      -1.785      +1.744      +4.444      +7.375      +6.326      +0.076
packet_included_ms             2.044       2.031       2.098       2.272       3.156       2.741       2.799       2.059      -0.012      +0.055      +0.228      +1.112      +0.697      +0.755      +0.015
dma_included_ms                2.672       2.679       2.521       2.677       3.097       2.499       1.530       2.533      +0.007      -0.151      +0.005      +0.425      -0.173      -1.141      -0.138
vif_wait_included_ms           5.946       5.938       6.012       7.029       6.159       5.587       5.595       5.821      -0.007      +0.067      +1.084      +0.214      -0.358      -0.350      -0.125
flushes                      142.500     142.500     142.500     147.500     168.500     142.500     142.500     142.500      +0.000      +0.000      +5.000     +26.000      +0.000      +0.000      +0.000
triangles                  41080.000   41080.000   41080.000   49503.500   45958.000   41080.000   41080.000   41080.000      +0.000      +0.000   +8423.500   +4878.000      +0.000      +0.000      +0.000
reuploads                      0.000       0.000       0.000       0.000       0.000       0.000       0.000       0.000      +0.000      +0.000      +0.000      +0.000      +0.000      +0.000      +0.000

== outer-day   (baseline: ctl1)
metric                          ctl1        ctl2    ctlquiet          a1          a2          b2          b1      attrib      d ctl2  d ctlquiet        d a1        d a2        d b2        d b1    d attrib
work_ms                       18.790      18.823      13.602      19.832      21.108      22.386      22.547      23.617      +0.033      -5.188      +1.042      +2.318      +3.596      +3.757      +4.827
total_ms                      24.120      23.953      19.954      25.370      26.454      28.953      28.953      31.033      -0.168      -4.167      +1.250      +2.333      +4.833      +4.833      +6.913
update_ms                      7.321       7.338       2.816       7.463       7.404       7.849       8.294      11.665      +0.016      -4.506      +0.142      +0.083      +0.528      +0.972      +4.344
submit_ms                     10.434      10.446       9.742      11.330      12.668      13.507      13.217      10.914      +0.012      -0.692      +0.895      +2.234      +3.073      +2.783      +0.480
finish_ms                      1.034       1.039       1.045       1.039       1.036       1.029       1.036       1.037      +0.005      +0.011      +0.005      +0.002      -0.005      +0.001      +0.003
present_ms                     5.330       5.130       6.351       5.538       5.345       6.567       6.407       7.416      -0.201      +1.021      +0.208      +0.015      +1.237      +1.076      +2.086
bounds_included_ms             1.361       1.366       1.279       1.363       1.439       1.427       1.420       1.728      +0.005      -0.081      +0.002      +0.078      +0.066      +0.060      +0.367
prepare_included_ms            0.830       0.830       0.857       0.845       0.807       0.956       0.944       0.877      -0.000      +0.027      +0.015      -0.023      +0.126      +0.114      +0.047
dispatch_included_ms           6.134       6.141       5.555       7.000       8.276       8.916       8.640       6.089      +0.007      -0.579      +0.866      +2.141      +2.782      +2.506      -0.045
packet_included_ms             0.764       0.766       0.796       0.886       1.212       0.959       0.960       0.772      +0.002      +0.032      +0.122      +0.448      +0.195      +0.196      +0.008
dma_included_ms                0.831       0.833       0.795       0.861       1.018       0.774       0.516       0.779      +0.003      -0.036      +0.030      +0.187      -0.057      -0.315      -0.052
vif_wait_included_ms           1.358       1.353       1.423       1.833       1.514       1.275       1.284       1.314      -0.004      +0.066      +0.475      +0.157      -0.083      -0.074      -0.043
flushes                       44.000      44.000      44.000      47.000      55.000      44.000      44.000      44.000      +0.000      +0.000      +3.000     +11.000      +0.000      +0.000      +0.000
triangles                  16385.500   16385.500   16385.500   21580.500   19049.500   16385.500   16385.500   16385.500      +0.000      +0.000   +5195.000   +2664.000      +0.000      +0.000      +0.000
reuploads                      0.000       0.000       0.000       0.000       0.000       0.000       0.000       0.000      +0.000      +0.000      +0.000      +0.000      +0.000      +0.000      +0.000

== outer-night   (baseline: ctl1)
metric                          ctl1        ctl2    ctlquiet          a1          a2          b2          b1      attrib      d ctl2  d ctlquiet        d a1        d a2        d b2        d b1    d attrib
work_ms                       22.251      22.156      16.517      22.922      24.713      29.084      25.063      26.735      -0.095      -5.734      +0.671      +2.462      +6.832      +2.812      +4.483
total_ms                      29.791      29.541      19.955      30.459      38.376      41.042      38.291      33.455      -0.250      -9.836      +0.668      +8.585     +11.251      +8.499      +3.664
update_ms                      7.846       7.732       2.880       7.584       8.104      11.371       7.703      11.774      -0.114      -4.965      -0.261      +0.259      +3.526      -0.143      +3.929
submit_ms                     12.867      12.897      12.085      13.831      15.094      16.205      15.847      13.431      +0.030      -0.782      +0.964      +2.227      +3.338      +2.980      +0.564
finish_ms                      1.539       1.527       1.552       1.507       1.515       1.508       1.513       1.529      -0.012      +0.013      -0.032      -0.024      -0.031      -0.026      -0.010
present_ms                     7.540       7.385       3.438       7.537      13.663      11.958      13.228       6.720      -0.155      -4.102      -0.003      +6.123      +4.418      +5.688      -0.820
bounds_included_ms             1.953       1.955       1.872       1.954       2.056       2.102       2.080       2.416      +0.002      -0.081      +0.001      +0.103      +0.149      +0.127      +0.463
prepare_included_ms            1.319       1.323       1.375       1.387       1.275       1.438       1.436       1.353      +0.004      +0.057      +0.068      -0.043      +0.119      +0.118      +0.035
dispatch_included_ms           6.384       6.387       5.765       7.246       8.531       9.345       9.013       6.360      +0.003      -0.619      +0.862      +2.147      +2.961      +2.629      -0.024
packet_included_ms             0.803       0.805       0.847       0.916       1.255       0.996       0.989       0.811      +0.001      +0.044      +0.113      +0.452      +0.193      +0.186      +0.007
dma_included_ms                0.907       0.905       0.843       0.930       1.087       0.839       0.548       0.845      -0.002      -0.065      +0.022      +0.180      -0.068      -0.359      -0.062
vif_wait_included_ms           1.321       1.315       1.377       1.802       1.503       1.257       1.284       1.291      -0.006      +0.055      +0.481      +0.182      -0.065      -0.038      -0.031
flushes                       48.000      48.000      48.000      51.000      59.000      48.000      48.000      48.000      +0.000      +0.000      +3.000     +11.000      +0.000      +0.000      +0.000
triangles                  16717.500   16717.500   16717.500   21932.500   19381.500   16717.500   16717.500   16717.500      +0.000      +0.000   +5215.000   +2664.000      +0.000      +0.000      +0.000
reuploads                      0.000       0.000       0.000       0.000       0.000       0.000       0.000       0.000      +0.000      +0.000      +0.000      +0.000      +0.000      +0.000      +0.000
